Anteil	DEC	HEX	%				
1	65535	FFFF	100	
0.95	62258	F332	95
0.9	58982	E665	90
0.85	55705	D998	85
0.8	52428	CCCC	80	
0.75	49151	BFFF	75
0.7	45875	B332	70	
0.65	42598	A665	65
0.6	39321	9999	60
0.55	36044	8CCC	55
0.5	32768	7FFF	50
0.45	29491	7332	45
0.4	26214	6666	40
0.35	22937	5999	35
0.3	19661	4CCC	30
0.25	16384	3FFF	25
0.2	13107	3333	20
0.15	9830	2666	15
0.1	6554	1999	10
0.05	3277	0CCC	5
0	0	0000	0	
				
RGB	HEX				
255	FFFF			
254	FEFE			
253	FDFD			
252	FCFC			
251	FBFB			
250	FAFA			
249	F9F9			
248	F8F8			
247	F7F7			
246	F6F6			
245	F5F5			
244	F4F4			
243	F3F3			
242	F2F2			
241	F1F1			
240	F0F0			
239	EFEF			
238	EEEE			
237	EDED			
236	ECEC			
235	EBEB			
234	EAEA			
233	E9E9			
232	E8E8			
231	E7E7			
230	E6E6			
229	E5E5			
228	E4E4			
227	E3E3			
226	E2E2			
225	E1E1			
224	E0E0			
223	DFDF			
222	DEDE			
221	DDDD			
220	DCDC			
219	DBDB			
218	DADA			
217	D9D9			
216	D8D8			
215	D7D7			
214	D6D6			
213	D5D5			
212	D4D4			
211	D3D3			
210	D2D2			
209	D1D1			
208	D0D0			
207	CFCF			
206	CECE			
205	CDCD			
204	CCCC			
203	CBCB			
202	CACA			
201	C9C9			
200	C8C8			
199	C7C7			
198	C6C6			
197	C5C5			
196	C4C4			
195	C3C3			
194	C2C2			
193	C1C1			
192	C0C0			
191	BFBF			
190	BEBE			
189	BDBD			
188	BCBC			
187	BBBB			
186	BABA			
185	B9B9			
184	B8B8			
183	B7B7			
182	B6B6			
181	B5B5			
180	B4B4			
179	B3B3			
178	B2B2			
177	B1B1			
176	B0B0			
175	AFAF			
174	AEAE			
173	ADAD			
172	ACAC			
171	ABAB			
170	AAAA			
169	A9A9			
168	A8A8			
167	A7A7			
166	A6A6			
165	A5A5			
164	A4A4			
163	A3A3			
162	A2A2			
161	A1A1			
160	A0A0			
159	9F9F			
158	9E9E			
157	9D9D			
156	9C9C			
155	9B9B			
154	9A9A			
153	9999			
152	9898			
151	9797			
150	9696			
149	9595			
148	9494			
147	9393			
146	9292			
145	9191			
144	9090			
143	8F8F			
142	8E8E			
141	8D8D			
140	8C8C			
139	8B8B			
138	8A8A			
137	8989			
136	8888			
135	8787			
134	8686			
133	8585			
132	8484			
131	8383			
130	8282			
129	8181			
128	8080			
127	7F7F			
126	7E7E			
125	7D7D			
124	7C7C			
123	7B7B			
122	7A7A			
121	7979			
120	7878			
119	7777			
118	7676			
117	7575			
116	7474			
115	7373			
114	7272			
113	7171			
112	7070			
111	6F6F			
110	6E6E			
109	6D6D			
108	6C6C			
107	6B6B			
106	6A6A			
105	6969			
104	6868			
103	6767			
102	6666			
101	6565			
100	6464			
99	6363			
98	6262			
97	6161			
96	6060			
95	5F5F			
94	5E5E			
93	5D5D			
92	5C5C			
91	5B5B			
90	5A5A			
89	5959			
88	5858			
87	5757			
86	5656			
85	5555			
84	5454			
83	5353			
82	5252			
81	5151			
80	5050			
79	4F4F			
78	4E4E			
77	4D4D			
76	4C4C			
75	4B4B			
74	4A4A			
73	4949			
72	4848			
71	4747			
70	4646			
69	4545			
68	4444			
67	4343			
66	4242			
65	4141			
64	4040			
63	3F3F			
62	3E3E			
61	3D3D			
60	3C3C			
59	3B3B			
58	3A3A			
57	3939			
56	3838			
55	3737			
54	3636			
53	3535			
52	3434			
51	3333			
50	3232			
49	3131			
48	3030			
47	2F2F			
46	2E2E			
45	2D2D			
44	2C2C			
43	2B2B			
42	2A2A			
41	2929			
40	2828			
39	2727			
38	2626			
37	2525			
36	2424			
35	2323			
34	2222			
33	2121			
32	2020			
31	1F1F			
30	1E1E			
29	1D1D			
28	1C1C			
27	1B1B			
26	1A1A			
25	1919			
24	1818			
23	1717			
22	1616			
21	1515			
20	1414			
19	1313			
18	1212			
17	1111			
16	1010			
15	0F0F			
14	0E0E			
13	0D0D			
12	0C0C			
11	0B0B			
10	0A0A			
9	0909			
8	0808			
7	0707			
6	0606			
5	0505			
4	0404			
3	0303			
2	0202			
1	0101			
0	0000			
